Gene	0	3	9	60	Half_Life
SACI_RS00070	64.74820144	66.54676259	47.9616307	20.38369305	35.87692512
SACI_RS00090	168.2539683	195.2380952	84.12698413	30.15873016	24.33455703
SACI_RS00095	48.38709677	36.16813294	28.83675464	13.19648094	36.43351389
SACI_RS00110	124	194.6666667	153.3333333	70.22222222	50.96732421
SACI_RS00135	253.493014	261.4770459	135.2295409	89.82035928	43.22924191
SACI_RS00155	235.395189	220.790378	153.7800687	105.6701031	57.52363145
SACI_RS00165	129.1810842	113.0334487	53.63321799	34.02537486	35.98135598
SACI_RS00195	89.8989899	83.83838384	48.48484848	31.31313131	44.02579627
SACI_RS00205	394.6162658	515.4639175	317.2966781	103.95189	28.57477083
SACI_RS00255	51.91798942	56.21693122	29.76190476	14.88095238	34.09630566
SACI_RS00260	690.4761905	1050.865801	712.1212121	389.6103896	54.20826991
SACI_RS00265	88.21614583	157.8776042	113.9322917	45.57291667	42.79791066
SACI_RS00290	6368.159204	9256.218905	6990.049751	3288.557214	48.51383895
SACI_RS00360	34.56790123	34.56790123	13.58024691	11.11111111	42.26639177
SACI_RS00370	206.6276803	154.9707602	72.12475634	49.70760234	36.03303745
SACI_RS00375	516.9491525	521.6572505	345.5743879	113.9359699	27.64353583
SACI_RS00380	600.2506266	855.8897243	581.4536341	147.8696742	25.97745868
SACI_RS00385	281.1320755	491.1949686	450.3144654	88.05031447	27.0396971
SACI_RS00390	668.0672269	871.1484594	753.5014006	172.2689076	26.7694411
SACI_RS00395	655.4809843	986.5771812	870.246085	175.6152125	25.92769158
SACI_RS00400	670.263789	1009.592326	815.3477218	215.8273381	29.89789933
SACI_RS00405	97.01492537	216.4179104	116.9154229	49.75124378	39.73331078
rpsB	573.0088496	792.0353982	794.9852507	201.3274336	32.07609442
amrB	185.9649123	353.2163743	428.0701754	144.4444444	59.82332014
SACI_RS00455	176.036343	241.3401476	180.2952868	99.37535491	57.2937353
SACI_RS00480	249.343832	166.6666667	133.8582677	68.24146982	38.78742715
SACI_RS00575	33.11258278	35.3200883	13.24503311	9.933774834	38.33353635
SACI_RS00580	196.1222968	231.5436242	144.6681581	45.48844146	27.14731057
SACI_RS00585	26.80067002	20.93802345	8.37520938	6.700167504	37.66804545
SACI_RS00620	828.6384977	793.8967136	590.1408451	218.3098592	31.71309155
SACI_RS00640	74.00497512	93.90547264	52.86069652	34.82587065	51.52996809
thiC	115.7731158	131.3131313	102.952603	42.73504274	38.87010174
SACI_RS00665	142.8571429	167.8571429	103.5714286	70.83333333	57.24335731
SACI_RS11970	248.2758621	198.8505747	136.7816092	50.57471264	28.54600313
SACI_RS00720	157.980456	186.2106406	143.8653637	49.94571118	33.19570545
cysS	162.4113475	203.5460993	163.8297872	50.35460993	31.5183991
SACI_RS00735	147.5735879	173.4287987	127.6849642	59.66587112	42.38278193
SACI_RS00740	1253.930818	1031.053459	621.0691824	192.6100629	23.90277136
SACI_RS00755	113.4615385	135.2564103	78.20512821	54.48717949	55.14146423
SACI_RS00790	131.8646232	128.6717752	69.60408685	39.59131545	37.36134761
SACI_RS00815	196.4285714	331.8452381	254.4642857	126.4880952	57.85564929
SACI_RS00825	82.41758242	153.8461538	115.3846154	54.94505495	56.40342451
SACI_RS00865	540.4411765	878.0637255	635.4166667	300.245098	49.64664734
SACI_RS00870	414.0127389	705.4140127	582.2717622	260.0849257	54.24983885
SACI_RS00930	65.92039801	88.93034826	53.48258706	32.33830846	51.02459163
SACI_RS00935	162.2807018	149.122807	65.78947368	54.8245614	45.86017254
SACI_RS00940	1299.528302	1720.125786	1274.371069	462.2641509	34.97729012
SACI_RS01070	56.79702048	69.83240223	46.55493482	27.93296089	53.3293496
SACI_RS01090	166.6666667	170.7035755	108.9965398	68.62745098	49.08926643
SACI_RS01100	130.2493438	135.4986877	96.7847769	53.47769029	46.99790484
SACI_RS01125	132.7602674	145.6542502	82.61700096	53.48615091	47.00230885
SACI_RS01160	40.12345679	33.17901235	18.51851852	12.34567901	41.80450982
SACI_RS01180	475.0227066	485.013624	327.4296094	221.1625795	57.08090258
prpB	176.1565836	198.1020166	150.6524318	81.85053381	50.98667571
SACI_RS01195	109.1820988	124.2283951	101.0802469	52.4691358	51.82382498
SACI_RS01200	919.6525516	1032.57329	640.0651466	169.3811075	23.86489987
SACI_RS01205	95.55555556	119.4444444	82.22222222	44.44444444	48.59950731
SACI_RS01230	242.7983539	322.0164609	219.1358025	78.18930041	32.59924277
SACI_RS01235	341.3654618	421.686747	317.2690763	98.3935743	30.30420681
SACI_RS01250	963.9175258	716.4948454	426.1168385	319.5876289	47.99992722
SACI_RS01255	130.404463	212.6917713	183.4030683	62.76150628	40.35294661
SACI_RS01260	81.18872549	116.7279412	144.3014706	45.03676471	46.91174858
SACI_RS01280	60.67044381	101.2747875	54.5325779	23.37110482	35.46324497
SACI_RS01285	22.72727273	15.15151515	10.1010101	5.050505051	33.32726021
SACI_RS01290	75.61728395	83.33333333	35.49382716	10.28806584	21.1582054
SACI_RS01300	97.88359788	93.0335097	52.02821869	37.47795414	48.99177871
SACI_RS01305	15.08295626	13.57466063	8.295625943	5.279034691	44.68955996
SACI_RS01325	81.31487889	145.905421	105.5363322	46.71280277	48.24237123
cas4	48.3234714	87.77120316	52.26824458	22.68244576	40.05859157
SACI_RS01340	83.7585034	102.8911565	64.20068027	20.83333333	28.06311394
queC	41.03671706	34.55723542	22.31821454	14.03887689	44.8589041
SACI_RS01370	20.08032129	39.26818385	19.8572066	8.255243195	35.08751898
SACI_RS01375	94.07665505	105.1103368	65.6213705	22.64808362	28.49670733
SACI_RS01380	54.20054201	77.23577236	60.97560976	17.61517615	30.97174205
SACI_RS01415	393.442623	388.6612022	302.5956284	104.5081967	31.23161389
SACI_RS01420	429.0780142	455.0827423	322.6950355	104.0189125	28.69187036
SACI_RS01425	271.2418301	316.9934641	247.1405229	73.52941176	29.46146279
SACI_RS01450	160.1941748	64.72491909	45.30744337	40.45307443	50.52596931
SACI_RS01460	171.579743	204.0816327	157.5963719	63.49206349	38.06773208
SACI_RS01465	137.3106061	216.8560606	147.7272727	78.59848485	53.62496679
lipA	155.6329849	212.543554	133.5656214	67.36353078	43.13567012
SACI_RS01515	110.9022556	219.2982456	182.3308271	80.20050125	58.60616522
fdhF	94.48416752	114.061968	78.14096016	44.94382022	51.33918207
SACI_RS01645	783.5648148	796.2962963	642.3611111	359.9537037	53.31502889
SACI_RS01675	16.30434783	29.58937198	41.66666667	9.057971014	39.4425078
SACI_RS01680	72.91666667	93.27651515	71.02272727	27.93560606	37.92697843
SACI_RS01685	74.50331126	106.5121413	80.57395143	30.35320088	37.90322682
SACI_RS01690	48.79227053	67.14975845	32.85024155	24.63768116	55.44589899
SACI_RS01715	195.3551913	245.9016393	164.845173	93.80692168	50.69366695
SACI_RS01770	2310.606061	3654.040404	2154.040404	876.2626263	35.33141254
SACI_RS01780	26.31578947	23.39181287	20.8855472	12.11361738	57.74119573
SACI_RS01800	129.4466403	158.4321476	127.7997365	58.95915679	46.16426962
SACI_RS01805	182.2672907	188.5075403	135.9854394	64.2225689	39.81306837
SACI_RS01820	252.8735632	334.1847595	234.3550447	72.3712218	29.6093106
leuS	126.1641188	170.5324196	126.866983	61.50061501	47.75420092
SACI_RS01830	57.9297246	105.8879392	65.05223172	26.59069326	38.77541437
SACI_RS01835	80.18867925	101.4150943	67.61006289	20.83333333	28.31936671
SACI_RS01855	66.37806638	55.55555556	25.97402597	18.03751804	38.05238039
SACI_RS01870	17.94871795	38.46153846	23.07692308	5.128205128	25.02480724
SACI_RS01875	114.1025641	144.5512821	124.3589744	63.46153846	57.29439272
SACI_RS01885	222.0319635	210.0456621	126.1415525	87.89954338	50.28905506
SACI_RS01895	979.4238683	1337.44856	985.5967078	456.7901235	45.1352117
SACI_RS01900	35.35353535	47.97979798	31.81818182	19.19191919	56.6526757
SACI_RS01905	26.66666667	26.66666667	15.33333333	11.33333333	53.60232067
SACI_RS01910	27.07006369	37.15498938	17.51592357	13.26963907	53.91832568
SACI_RS01915	22.35772358	24.3902439	11.17886179	10.16260163	58.88123987
cobM	80.82706767	112.1553885	95.86466165	46.9924812	56.77636487
SACI_RS01935	81.10119048	130.952381	125	47.61904762	49.61694133
cbiT	55.26770294	68.22107081	74.26597582	31.95164076	57.55353806
cbiD	41.54727794	78.7965616	58.73925501	27.69818529	55.78437234
SACI_RS01950	66.7989418	95.23809524	76.71957672	35.71428571	50.49223009
cbiG	34.76482618	44.47852761	35.78732106	14.82617587	41.74598743
SACI_RS01970	45.12635379	42.71961492	22.86401925	16.84717208	48.18124445
SACI_RS01985	1985.507246	2966.183575	2827.697262	1126.409018	50.26854881
SACI_RS01990	21.24183007	16.33986928	11.4379085	6.535947712	41.4882888
SACI_RS02000	106.741573	83.02122347	44.94382022	34.95630462	46.96788362
SACI_RS02055	47.80361757	73.64341085	29.71576227	20.67183463	44.35340046
SACI_RS02060	178.9340102	163.2825719	93.90862944	73.18104907	54.62827176
SACI_RS02070	93.05555556	123.2638889	69.09722222	26.73611111	30.77543272
SACI_RS02100	1309.064954	1429.336188	931.834404	188.4368308	20.82885112
SACI_RS02115	43.54094579	87.94694348	73.8177624	30.56516724	55.02359479
SACI_RS02385	98.8700565	90.39548023	40.96045198	24.01129944	33.07749904
SACI_RS02390	113.0742049	160.188457	88.92815077	48.29210836	42.77312339
SACI_RS02545	27.91068581	32.6953748	19.93620415	11.16427432	43.86529602
SACI_RS12170	183.5016835	213.8047138	126.2626263	87.54208754	55.29061405
SACI_RS02730	596.5517241	822.9885057	645.9770115	334.4827586	55.60337269
SACI_RS02735	737.7919321	1190.021231	1263.269639	491.507431	57.08094066
SACI_RS02740	703.875969	1107.751938	1089.147287	431.7829457	53.09085959
SACI_RS02785	339.3285372	564.7482014	552.7577938	227.8177458	57.68498443
SACI_RS02790	482.6086957	747.826087	743.4782609	223.1884058	38.72688528
SACI_RS02795	226.0273973	410.9589041	438.3561644	159.8173516	56.2751342
rpmC	521.4285714	747.6190476	635.7142857	297.6190476	53.98116536
SACI_RS02805	584.7701149	993.5344828	923.8505747	307.4712644	42.47680418
SACI_RS02810	601.910828	956.4755839	1021.231423	301.4861996	40.72807174
SACI_RS02815	395.9810875	588.6524823	452.7186761	230.4964539	55.53587316
SACI_RS02820	412.8312413	598.3263598	534.1701534	202.2315202	43.83227234
SACI_RS02825	40.16064257	104.4176707	58.23293173	28.1124498	50.81268058
rpl4p	315.2309613	490.0124844	324.5942572	186.6416979	57.43212883
ileS	288.7725975	420.8690136	324.9286394	122.7402474	38.91105465
SACI_RS02860	214.384509	329.8755187	239.2807746	79.52973721	33.79494678
SACI_RS02865	758.1300813	984.4173442	735.5465221	227.6422764	30.63020677
SACI_RS02875	589.9470899	554.2328042	362.4338624	206.3492063	42.77009411
SACI_RS02890	403.7558685	392.0187793	241.7840376	77.46478873	25.81346885
rrp42	422.3826715	501.8050542	359.8074609	75.21058965	22.54077705
rrp41	433.0601093	533.4699454	422.8142077	81.96721311	22.78642819
rrp4	244.6666667	298.6666667	266	65.33333333	28.03010618
SACI_RS02910	262.8205128	304.1310541	205.1282051	71.22507123	30.28335235
psmA	537.037037	457.4759945	360.7681756	95.33607682	24.90908209
SACI_RS02930	90.8045977	195.4022989	154.0229885	65.51724138	55.38802435
SACI_RS02935	609.3272171	641.4373089	336.3914373	201.0703364	39.51969452
SACI_RS02950	395.6228956	303.8720539	166.6666667	65.65656566	26.05219561
SACI_RS02975	89.85507246	134.7826087	56.52173913	39.13043478	45.0624601
SACI_RS02980	336.5384615	352.5641026	149.0384615	133.0128205	51.28799692
SACI_RS03025	23.80952381	12.82051282	10.98901099	7.326007326	49.89277299
SACI_RS03050	188.034188	170.9401709	62.67806268	37.74928775	29.56844939
SACI_RS03055	330.6451613	357.5268817	215.0537634	153.2258065	56.05183006
ahcY	162.6602564	200.7211538	102.5641026	44.47115385	31.03424861
SACI_RS03125	413.5180521	479.8488665	305.6255248	208.2283795	58.58358329
tgtA	186.0776439	291.8340027	208.1659973	114.4578313	58.90626931
SACI_RS03145	314.9425287	372.4137931	266.6666667	127.5862069	42.58370296
psmB	180.4166667	215.8333333	157.5	83.75	49.24289262
SACI_RS03175	1080.625752	1340.55355	1059.265945	582.4308063	57.19478661
SACI_RS03190	50.98039216	117.6470588	52.94117647	35.29411765	58.57824962
SACI_RS03195	548.1927711	544.1767068	335.3413655	120.4819277	28.07690847
fbp	477.1157168	613.5578584	453.3678756	138.1692573	29.97299542
rpsJ	873.7864078	1009.708738	605.1779935	218.4466019	29.06768176
tuf	3644.11315	4199.159021	3128.440367	1066.513761	31.69231817
SACI_RS03260	1184.52381	1437.07483	1168.367347	456.6326531	38.76135066
SACI_RS03270	764.6396396	932.4324324	674.5495495	306.3063063	41.20666718
SACI_RS03275	802.0833333	1225.694444	931.712963	354.1666667	39.47015278
rpoA2	289.7631134	524.9576988	474.6192893	201.3536379	57.93389327
rpoA1	280.3632236	460.6507756	516.6477488	188.0438895	55.82480455
SACI_RS03295	233.6586809	385.6847087	275.2144336	104.1112097	38.64137658
infB	173.5765616	216.970702	155.0580431	57.76672195	34.1858201
SACI_RS03315	150.7936508	89.94708995	50.26455026	31.74603175	34.71231133
upp	141.3210445	211.9815668	143.625192	79.87711214	54.96427501
purB	115.1792525	118.6117468	77.42181541	25.17162471	27.32055938
SACI_RS03365	65.36926148	38.42315369	26.44710579	13.97205589	34.08033445
SACI_RS03370	74.28571429	68.0952381	29.04761905	15.71428571	29.90728255
SACI_RS03380	132.1225071	160.968661	120.014245	55.91168091	43.42225971
SACI_RS03430	131.7829457	175.3875969	145.3488372	65.89147287	48.40475759
SACI_RS03470	270	390	221.6666667	120	43.89965136
SACI_RS03475	102.7131783	186.6925065	107.2351421	27.13178295	25.42648263
SACI_RS03480	291.6666667	163.8888889	116.6666667	97.22222222	56.73384377
SACI_RS03490	232.1428571	269.8412698	103.1746032	79.36507937	41.44630281
SACI_RS03525	20.83333333	27.77777778	17.67676768	8.838383838	42.71349826
SACI_RS03550	115.1202749	37.80068729	12.02749141	12.02749141	28.6918366
hxlB	151.3605442	88.43537415	39.96598639	45.06802721	53.81173406
lysX	130.3456356	235.7937903	200.3514938	85.82308143	54.74319008
SACI_RS03625	560.7235142	335.9173127	149.870801	112.4031008	34.61456304
SACI_RS03655	303.4504005	347.8126925	212.5693161	137.3998768	51.66122764
SACI_RS03665	25.84670232	36.54188948	18.71657754	11.58645276	46.1099971
SACI_RS03675	223.8658777	295.8579882	221.8934911	73.96449704	32.78383264
aspS	282.4397824	380.3418803	272.7272727	91.2975913	32.17036395
pth2	31.68044077	26.1707989	24.79338843	12.39669421	48.3289734
SACI_RS11585	75.11737089	30.51643192	32.86384977	4.694835681	17.3764355
SACI_RS03695	186.5942029	206.5217391	97.82608696	38.04347826	26.55072908
SACI_RS03700	602.5974026	699.1341991	469.4805195	191.991342	34.55498018
SACI_RS03705	211.1111111	275.5555556	206.6666667	77.77777778	36.27663625
fen	126.5060241	263.0522088	187.751004	74.29718876	44.98529317
SACI_RS03745	104.8689139	114.2322097	76.77902622	44.94382022	48.71498292
SACI_RS03750	85.60193587	181.7906836	138.5359952	56.86630369	50.57860273
dcd	268.7861272	200.3853565	121.3872832	71.29094412	37.55927038
SACI_RS03820	552.8052805	736.3861386	451.320132	124.1749175	25.45279088
SACI_RS03825	164.7727273	187.5	75.75757576	62.5	46.53411061
SACI_RS03845	503.3112583	534.2163355	320.0883002	113.6865342	27.97999562
SACI_RS03855	64.39393939	94.6969697	63.13131313	29.04040404	42.49122837
glmM	175.4578755	138.0952381	58.60805861	28.57142857	26.43649218
SACI_RS03890	644.3298969	780.0687285	367.6975945	187.2852234	33.37928414
SACI_RS03905	97.48427673	163.5220126	94.33962264	42.45283019	39.15675927
SACI_RS03910	189.2430279	217.1314741	149.4023904	69.72111554	39.62943182
SACI_RS03920	121.969697	194.6969697	165.1515152	48.48484848	34.22222931
ribH	104.0339703	141.1889597	95.54140127	47.77070064	45.45898057
ribC	60.50955414	77.49469214	33.97027601	22.29299363	41.0198017
SACI_RS03935	184.7662142	219.4570136	131.2217195	71.64404223	42.2332692
SACI_RS03945	306.5359477	256.2091503	111.7647059	60.78431373	29.53417272
SACI_RS03960	143.0769231	145.1282051	104.1025641	45.64102564	36.59919407
SACI_RS03965	188.2352941	253.4313725	181.8627451	64.21568627	33.64564267
SACI_RS03970	208.8744589	189.3939394	98.48484848	70.34632035	44.28159196
SACI_RS03985	273.381295	446.4428457	306.1550759	114.7082334	36.99739317
SACI_RS04010	188.0032206	225.8454106	192.8341385	62.39935588	33.6583017
SACI_RS04015	218.8057041	251.3368984	196.5240642	66.17647059	32.32252024
SACI_RS04025	232.1029083	368.5682327	232.1029083	109.0604027	42.92455742
SACI_RS04030	690.9090909	507.5757576	319.6969697	133.3333333	28.84127321
SACI_RS04055	385.4166667	445.3125	339.5833333	170.3125	46.97068313
SACI_RS11595	36.76470588	61.2745098	78.43137255	14.70588235	31.32956365
SACI_RS04085	235.2941176	243.697479	180.6722689	71.42857143	34.4138343
SACI_RS04090	407.8947368	417.2932331	274.4360902	105.2631579	30.92077476
SACI_RS04115	155.3884712	203.0075188	181.7042607	91.47869674	59.9701893
SACI_RS04120	253.3875339	262.8726287	161.2466125	89.43089431	41.25338625
glyS	115.6521739	163.1884058	108.115942	43.47826087	36.35194316
speB	112.2166943	102.2664456	66.33499171	25.15201769	29.27315673
yciH	525	891.6666667	536.6666667	211.6666667	35.8436003
SACI_RS04155	26.21722846	25.74906367	10.76779026	9.36329588	47.45869783
SACI_RS04160	54.39814815	39.93055556	16.78240741	15.0462963	42.81588526
SACI_RS11610	32.73809524	47.61904762	38.69047619	17.85714286	50.93042529
SACI_RS04220	83.90022676	100.3401361	44.7845805	36.84807256	52.52439341
SACI_RS04225	133.4175084	199.4949495	116.1616162	50.92592593	36.68082062
SACI_RS04260	61.11111111	44.44444444	26.38888889	16.66666667	39.28925396
SACI_RS04300	179.0033866	253.0237059	196.4199323	70.87566522	36.92557781
SACI_RS04305	49.81884058	62.5	38.94927536	18.11594203	37.99532929
SACI_RS04330	105.4033486	204.718417	152.9680365	60.50228311	45.30857908
SACI_RS04335	157.4642127	233.1288344	163.0879346	66.46216769	39.10948435
SACI_RS04375	317.9122183	320.2846975	204.0332147	114.4721234	42.52595911
SACI_RS04380	465.4832347	613.4122288	383.6291913	216.9625247	48.15480447
trxB	175.4115226	222.2222222	117.2839506	73.04526749	45.19091773
SACI_RS04450	23.52551359	30.81510934	21.53744201	10.93439364	46.8313637
SACI_RS04500	742.9378531	1067.79661	477.4011299	200.5649718	29.39128582
SACI_RS04520	37.4832664	42.83801874	31.45917001	10.04016064	29.76342802
SACI_RS04535	20.66666667	25.33333333	23.33333333	10	47.91009863
SACI_RS04540	48.12206573	45.77464789	51.64319249	21.12676056	48.15447679
ppa	290.2298851	237.5478927	138.8888889	96.74329502	45.45767342
SACI_RS04590	149.0610329	186.6197183	91.54929577	63.38028169	47.54441859
SACI_RS04595	76.22432859	84.12322275	45.02369668	32.38546603	50.75937971
SACI_RS04605	114.6788991	194.1896024	81.03975535	24.4648318	23.82082659
SACI_RS04610	81.34920635	172.6190476	139.5502646	41.00529101	36.94587056
SACI_RS04630	257.9143389	264.4320298	108.9385475	55.86592179	29.18179682
SACI_RS04635	336.5079365	317.4603175	204.7619048	88.88888889	32.81585103
SACI_RS04665	690.6702899	987.3188406	697.0108696	308.423913	42.22154762
SACI_RS11825	1115.120275	1595.074456	1331.042383	548.6827033	45.15523821
SACI_RS11830	949.1614256	1629.454927	1371.069182	591.1949686	53.01507974
SACI_RS04695	27.14646465	34.72222222	18.93939394	13.25757576	54.31300024
SACI_RS04705	37.4921235	48.51921865	25.20478891	15.75299307	45.20058974
SACI_RS04710	642.0161884	659.3083149	399.1905813	155.6291391	29.82276022
SACI_RS04720	112.5541126	170.995671	80.08658009	45.45454545	40.18641212
SACI_RS04730	146.7065868	133.7325349	80.83832335	46.90618762	40.33606084
SACI_RS04735	142.1421421	205.2052052	133.1331331	58.05805806	39.0220114
SACI_RS04740	132.6754386	173.245614	100.877193	38.37719298	30.93885851
SACI_RS04745	244.9275362	285.5072464	200.7246377	120.2898551	54.63429531
SACI_RS04755	96.03469641	122.0570012	127.0136307	48.32713755	47.47226613
SACI_RS04765	181.9645733	164.2512077	84.5410628	27.37520129	23.33233914
SACI_RS04830	212.962963	134.2592593	66.35802469	40.12345679	31.49357395
SACI_RS04845	138.651472	132.0037987	86.89458689	61.25356125	56.50129273
SACI_RS04855	44.01154401	43.65079365	27.05627706	17.31601732	47.85400205
SACI_RS04860	131.7460317	180.5555556	142.8571429	53.96825397	38.64419921
SACI_RS04870	75.75757576	98.48484848	57.91788856	22.971652	32.13606698
SACI_RS04875	251.8518519	220.3703704	124.691358	88.88888889	46.86085751
SACI_RS04885	41.42011834	40.43392505	30.57199211	10.84812623	31.20574929
SACI_RS04900	60	76.66666667	54.44444444	26.66666667	45.01708834
SACI_RS04905	83.33333333	66.3377193	37.82894737	26.31578947	43.80288135
SACI_RS04910	102.7131783	116.6666667	79.06976744	23.25581395	26.7893135
SACI_RS04940	258.3333333	398.015873	369.8412698	161.1111111	56.16764586
SACI_RS04945	260.1177336	401.3980868	309.7866078	143.8557763	50.3493619
SACI_RS04950	377.701934	508.5324232	441.410694	216.7235495	56.83934928
SACI_RS04955	426.1363636	533.1439394	393.4659091	233.4280303	59.43008338
SACI_RS04960	8054.53149	11473.88633	10646.12135	4818.932412	56.45563353
SACI_RS04980	20.38043478	40.76086957	28.98550725	13.13405797	51.82272429
SACI_RS04985	41.94018964	40.48140044	21.51714077	15.31728665	46.39398705
SACI_RS04990	83.33333333	67.56756757	31.90690691	17.64264264	31.06304566
SACI_RS05035	46.71488849	50.93429777	40.68716094	21.09704641	49.62184125
crn1	100.5586592	97.76536313	62.38361266	25.1396648	31.01390381
SACI_RS05085	122.1804511	180.4511278	129.0726817	58.89724311	44.85952422
SACI_RS05095	42.8802589	91.42394822	55.82524272	22.65372168	40.941927
SACI_RS05105	130.8539945	172.1763085	101.4692378	56.01469238	44.29389323
SACI_RS05110	83.33333333	71.91780822	28.53881279	26.25570776	45.27133488
SACI_RS05115	139.3034826	85.82089552	57.8358209	47.88557214	55.92458352
SACI_RS05135	372.3723724	322.8228228	205.7057057	106.6066066	36.83567911
SACI_RS05140	255.0724638	295.6521739	227.5362319	108.6956522	44.83368472
SACI_RS05150	259.4458438	292.611251	175.0629723	56.67506297	26.69776297
SACI_RS05155	269.4063927	378.0821918	255.7077626	95.43378995	34.42670053
SACI_RS05185	52.17831814	48.12563323	35.96757852	21.27659574	50.10964265
SACI_RS05280	176.916221	217.4688057	166.6666667	94.4741533	57.40406357
SACI_RS05285	210.8433735	287.6506024	244.9799197	119.9799197	55.89211273
SACI_RS05310	250.8417508	295.03367	218.8552189	133.4175084	59.85723684
SACI_RS05340	106.741573	133.8951311	79.58801498	40.26217228	39.78628481
SACI_RS05345	169.1919192	213.3838384	155.7239057	67.34006734	40.05487038
SACI_RS05350	209.417596	245.0433705	172.8624535	78.37670384	39.59629654
SACI_RS05355	221.9451372	265.1704073	159.6009975	63.17539485	31.62256953
SACI_RS05365	856.39413	1062.893082	785.115304	386.7924528	46.29803969
SACI_RS05375	956.7409766	1109.872611	734.3418259	218.1528662	26.79202324
SACI_RS05410	102.5641026	140.2714932	102.0613374	56.56108597	55.96767745
SACI_RS05420	27.42993441	27.13178295	17.5909362	7.453786524	32.8202092
SACI_RS05475	156.6951567	136.039886	71.93732194	41.66666667	35.68102112
SACI_RS05525	527.866242	674.3630573	481.4225053	92.88747346	21.88652563
SACI_RS05540	582.7505828	921.9114219	815.2680653	249.4172494	36.43439985
SACI_RS05545	803.3898305	1171.751412	883.0508475	253.6723164	30.20949182
SACI_RS05550	5463.270963	6798.336798	5243.936244	1479.90298	28.72630882
SACI_RS05635	80.89260809	101.1157601	67.64295676	23.70990237	31.14427075
SACI_RS05690	163.4036145	181.4759036	90.86345382	66.76706827	48.97530784
SACI_RS05715	214.1148325	256.3795853	179.0271132	84.52950558	41.35385077
SACI_RS05725	71.42857143	115.5202822	83.77425044	42.32804233	54.18873915
SACI_RS05730	350.7462687	502.4875622	274.4610282	175.787728	51.53664152
SACI_RS05735	436.1111111	557.0987654	310.4938272	121.6049383	30.58560111
SACI_RS05765	1793.075684	1376.006441	1080.515298	433.1723027	32.45217378
SACI_RS05770	1178.47769	1321.52231	873.5783027	469.816273	44.07569348
acnA	646.4468002	836.2779741	640.9501374	138.0054967	24.17480099
SACI_RS05810	332.03125	195.3125	110.6770833	46.875	25.77566264
SACI_RS05830	743.2795699	1060.483871	678.7634409	401.8817204	54.69268454
SACI_RS05855	328.9085546	387.1681416	219.7640118	67.10914454	25.30549884
SACI_RS05860	197.4206349	149.8015873	90.27777778	36.70634921	27.89935848
SACI_RS05870	42.19793564	54.94839101	27.62598664	12.75045537	32.91561049
SACI_RS05875	31.25	37.76041667	26.04166667	13.02083333	43.7057409
SACI_RS05960	84.26966292	82.77153558	41.19850187	34.83146067	54.5900231
thrS	96.66666667	116.0606061	52.72727273	22.72727273	28.56544812
SACI_RS06040	442.800789	621.7948718	428.0078895	141.5187377	31.49028442
sucD	856.8773234	1117.100372	974.5972739	291.2019827	32.8813146
SACI_RS06085	454.5253863	570.6401766	450.7726269	177.4834437	38.740329
SACI_RS06090	157.1969697	157.8282828	77.65151515	67.55050505	56.85405271
SACI_RS06095	223.880597	278.6069652	159.2039801	72.13930348	34.73165341
SACI_RS06100	338.5416667	319.4444444	225.6944444	97.22222222	34.65658638
SACI_RS06155	38.36930456	48.76099121	36.77058353	19.58433253	52.74913645
SACI_RS06165	240.4761905	185.7142857	109.5238095	52.38095238	31.27581431
SACI_RS06250	1186.111111	1508.333333	1163.888889	436.1111111	36.50449044
SACI_RS06265	188.3895131	274.5318352	198.8764045	75.65543071	37.32883139
SACI_RS06270	531.5656566	497.4747475	357.3232323	127.5252525	29.96020518
SACI_RS06275	174.8492679	248.0620155	161.0680448	77.08871662	42.65348961
SACI_RS06280	210.4440275	274.2338962	233.8961851	91.30706692	41.49316992
rgy	221.548238	352.9751589	309.6476025	131.1380705	51.81741397
albA	418.3673469	629.2517007	202.3809524	200.6802721	54.51026344
gatA	118.7980433	157.5821104	109.7134871	39.83228512	33.57926458
twy1	454.5032498	594.2432683	448.9322191	164.3454039	35.58327018
SACI_RS06385	342.4908425	433.1501832	268.3150183	172.1611722	54.92132488
SACI_RS06400	658.1740977	848.7261146	612.5265393	240.4458599	36.50226227
SACI_RS06405	217.9487179	195.970696	120.8791209	21.97802198	18.54953391
SACI_RS06410	476.0273973	517.1232877	375	56.50684932	18.72865143
SACI_RS06435	454.7413793	606.3218391	421.6954023	147.2701149	32.5438065
SACI_RS06440	338.1759483	439.4673123	270.3793382	87.57062147	28.28672376
SACI_RS06445	966.6666667	1069.69697	681.8181818	209.0909091	26.47284323
SACI_RS06465	236.8421053	239.3483709	190.4761905	114.0350877	57.42967131
SACI_RS06470	856.2052506	1180.190931	891.6070008	333.929992	37.10235907
SACI_RS06480	220.3525641	179.8878205	142.2275641	89.74358974	53.97492973
SACI_RS06485	522.7713178	587.2093023	413.2751938	152.6162791	32.32203655
SACI_RS06490	433.8235294	410.5392157	295.3431373	154.4117647	42.44123515
SACI_RS06495	372.5038402	427.8033794	275.7296467	134.4086022	39.33887473
hmgA	97.08737864	174.3527508	155.3398058	57.03883495	46.94053466
SACI_RS06505	68.84057971	193.236715	146.1352657	50.72463768	47.29974652
SACI_RS06510	160.2739726	368.9497717	284.9315068	74.88584475	33.42618479
SACI_RS06515	261.7000955	359.5988539	265.5205349	45.36771729	21.13931506
speD	349.0813648	427.8215223	288.7139108	184.3832021	58.94760338
SACI_RS06525	49.4047619	50.5952381	25.5952381	16.66666667	41.40503874
SACI_RS06535	84.26966292	79.58801498	30.8988764	27.15355805	44.04089765
SACI_RS06570	1183.842239	1578.244275	1238.549618	504.4529262	40.92446864
cdvA	962.3430962	1035.564854	804.0446304	375.8716876	42.58384399
eno	89.12869704	104.716227	69.54436451	37.17026379	44.94984154
SACI_RS06595	290.8805031	205.9748428	83.33333333	67.61006289	36.99332604
SACI_RS06600	138.8888889	136.47343	70.04830918	51.93236715	47.55641227
gcvPB	78.72200264	226.9433465	164.3610013	67.19367589	56.91164492
gcvPA	104.5386905	229.1666667	154.7619048	59.15178571	42.30852175
gcvT	94.22348485	72.44318182	48.76893939	19.41287879	29.38094519
gcvH	225.4196643	238.6091127	217.0263789	65.94724221	31.82940348
SACI_RS06625	319.2771084	457.1619813	374.1633199	93.03882195	28.31723251
SACI_RS06630	150.6666667	176	117.3333333	50.66666667	36.18989512
SACI_RS06700	1000.298151	1074.836017	879.2486583	457.3643411	50.61405503
SACI_RS06710	130.7785888	200.729927	114.9635036	59.00243309	42.88313148
SACI_RS06715	321.3058419	247.4226804	120.2749141	54.98281787	27.03358187
argF	35.28773073	31.48751357	20.08686211	11.94353963	42.8561548
thrC	239.6098388	410.9414758	373.6217133	160.7294317	57.49840971
SACI_RS06775	1865.909091	2368.939394	1721.212121	982.5757576	55.70375121
SACI_RS06790	117.455896	110.4921077	67.78087279	46.42525534	50.10190752
SACI_RS06795	64.51612903	105.734767	60.93189964	35.84229391	52.54092506
SACI_RS06800	325.8823529	587.0588235	508.2352941	213.7254902	54.32452985
SACI_RS06840	91.74679487	109.1746795	67.70833333	35.05608974	41.19460733
SACI_RS06845	20.70707071	37.87878788	8.585858586	5.555555556	29.42504855
SACI_RS06895	87.71929825	55.82137161	30.3030303	19.13875598	34.86408984
rpl12p	732.7044025	737.4213836	448.1132075	245.2830189	39.85782903
SACI_RS06955	1130.952381	1342.261905	1018.849206	553.0753968	52.39070766
SACI_RS06960	888.8888889	1208.708709	956.4564565	401.6516517	42.95203732
SACI_RS06965	956.1403509	1063.352827	948.3430799	425.9259259	46.76548049
ftsY	294.4621938	473.9084132	334.3982961	140.5750799	42.18323905
SACI_RS06990	411.8773946	421.4559387	360.1532567	201.1494253	56.75560641
SACI_RS07000	317.9487179	466.6666667	198.7179487	112.8205128	36.84128608
SACI_RS07005	67.30769231	169.8717949	112.1794872	38.46153846	39.52083542
SACI_RS07010	1218.213058	1580.756014	1213.058419	501.7182131	40.34718713
SACI_RS07015	659.1397849	593.5483871	402.1505376	144.0860215	28.68799182
SACI_RS07020	108.6956522	106.9906223	57.54475703	19.60784314	25.15412592
folE	891.2698413	1916.666667	1081.746032	354.7619048	31.96120965
SACI_RS07090	20.68965517	24.71264368	16.66666667	10.34482759	55.62577808
SACI_RS07095	13.39285714	16.86507937	20.83333333	7.44047619	51.66010475
SACI_RS07105	183.127572	270.5761317	202.6748971	65.8436214	33.36796829
SACI_RS07170	84.42503639	92.43085881	48.76273654	34.93449782	49.56490348
SACI_RS07190	677.5	767.5	612.5	263.75	40.88555939
pheT	235.4205034	409.7605893	394.4137508	101.903008	34.480192
SACI_RS07210	270.0286123	396.6380544	290.0572246	101.5736767	34.95181877
SACI_RS07215	437.8654971	405.7017544	312.1345029	78.94736842	24.48901077
map	63.88888889	81.11111111	60.55555556	29.44444444	46.569362
SACI_RS07225	924.3623571	1543.095866	886.5435356	341.2489006	33.75268597
SACI_RS07230	425.3731343	865.6716418	552.238806	256.2189055	48.38101604
SACI_RS07245	73.83040936	156.4327485	114.0350877	53.3625731	57.59542703
SACI_RS07250	178.6971831	277.5821596	248.5328638	90.96244131	43.74236145
rpl7ae	397.6377953	366.1417323	225.7217848	106.2992126	33.81277893
SACI_RS07275	14.12429379	16.94915254	8.474576271	4.237288136	34.07083227
SACI_RS07280	21.60493827	21.60493827	18.51851852	9.259259259	48.52150288
SACI_RS07310	196.5678627	206.1882475	154.9661986	83.72334893	48.20584522
SACI_RS07325	117.8259217	149.372862	111.1744584	54.92208286	47.28442571
SACI_RS07330	405.4054054	496.6216216	355.8558559	156.5315315	39.661121
SACI_RS07335	554.526749	625.5144033	361.1111111	185.1851852	37.70460301
SACI_RS07340	85.66978193	66.97819315	68.53582555	26.47975078	38.04838099
metG	70.21379981	78.23129252	41.30223518	21.37998056	35.46624323
SACI_RS07360	537.037037	619.8955366	525.6410256	201.0921178	38.39769538
SACI_RS07365	94.05940594	57.75577558	37.95379538	9.900990099	20.98621204
SACI_RS07370	139.0328152	167.5302245	85.49222798	29.36096718	26.03703116
SACI_RS07375	700.6745363	877.17819	669.1961776	174.8173131	27.08552506
SACI_RS07380	810.3448276	1158.764368	1082.255747	290.2298851	32.47736901
SACI_RS07385	565.0793651	935.7142857	911.1111111	240.4761905	34.75393965
SACI_RS07390	265.4320988	308.6419753	401.2345679	101.8518519	35.90962345
SACI_RS07395	735.2941176	919.9346405	673.2026144	287.5816993	39.51453252
SACI_RS07405	394.0972222	355.9027778	161.4583333	86.80555556	30.73938483
ilvC	215.7157157	283.7837838	239.2392392	114.6146146	52.50332854
SACI_RS07440	265.5613729	417.9755672	423.5020361	165.7940663	53.89350731
SACI_RS07560	841.8367347	939.4557823	670.0680272	309.1836735	39.83070683
SACI_RS07585	95.46925566	131.0679612	88.99676375	40.45307443	41.29323201
SACI_RS07590	161.8589744	230.7692308	125	49.67948718	31.54605032
SACI_RS07660	61.61616162	102.020202	68.68686869	36.36363636	54.06899713
purQ	32.30543319	37.44493392	19.82378855	11.01321586	38.57511718
purL	29.77027661	36.80262541	34.9273324	11.25175809	36.48293128
SACI_RS07710	507.8299776	689.0380313	267.3378076	203.5794183	44.61415693
SACI_RS07720	80.35714286	130.952381	92.68707483	32.73809524	35.82181424
argH	110.8630952	229.1666667	194.1964286	58.03571429	38.48188343
carA	163.5304659	323.0286738	304.6594982	115.5913978	54.61719084
carB	159.5441595	270.9718265	247.0718582	98.7654321	51.81768425
SACI_RS07760	51.07526882	37.6344086	21.50537634	16.12903226	46.03439454
SACI_RS07790	135.0129199	136.3049096	62.01550388	31.65374677	30.69395995
SACI_RS07805	54.64480874	60.10928962	41.53005464	18.57923497	37.48372687
SACI_RS07825	987.3563218	977.0114943	794.2528736	479.3103448	58.76869961
SACI_RS07835	67.98866856	53.82436261	52.88007554	30.21718602	58.6503158
SACI_RS07840	326.5503876	218.0232558	107.5581395	70.73643411	34.43478856
pyk	99.92458522	130.0904977	101.4328808	17.3453997	21.37354559
SACI_RS07865	79.16666667	58.33333333	43.75	9.375	20.82336203
SACI_RS07925	82.14528174	117.107943	80.10862186	32.92600136	38.15517977
SACI_RS07945	713.9107612	793.9632546	435.6955381	328.0839895	55.67621054
SACI_RS07955	51.84233076	65.12425021	41.98800343	26.99228792	57.34807169
SACI_RS07960	427.9202279	605.6980057	555.8404558	242.4501425	52.80074304
SACI_RS07970	54.37352246	47.28132388	17.73049645	20.09456265	56.01098908
SACI_RS07985	58.33333333	24.07407407	13.88888889	13.88888889	48.68798219
SACI_RS08015	129.1240046	187.4288965	133.6746303	65.98407281	48.6651209
SACI_RS08060	83.33333333	87.07865169	65.54307116	32.77153558	44.02010229
SACI_RS08070	97.38955823	107.9317269	65.76305221	45.18072289	54.82739795
SACI_RS08090	224.137931	252.4630542	128.4893268	107.1428571	59.73890758
SACI_RS08110	52.9986053	63.45885635	32.07810321	11.15760112	26.08079727
SACI_RS08115	55.16431925	62.20657277	26.99530516	22.88732394	51.34411498
SACI_RS08125	83.67768595	84.02203857	66.80440771	24.79338843	33.78013672
SACI_RS08130	41.92546584	30.02070393	13.45755694	13.97515528	53.69434913
SACI_RS08135	94.76190476	112.8571429	68.0952381	23.80952381	28.77844033
SACI_RS08140	105.3763441	152.688172	119.8924731	46.23655914	40.15702949
SACI_RS08145	53.00353357	85.39458186	74.79387515	24.73498233	39.26339476
rfbC	63.06306306	109.9099099	115.3153153	27.02702703	33.62418612
SACI_RS08185	74.78005865	81.6226784	67.44868035	31.28054741	44.86064053
ilvD	147.6868327	157.7698695	95.19572954	49.52550415	38.65557623
SACI_RS08195	27.36318408	12.43781095	24.87562189	9.950248756	55.67954188
SACI_RS08210	339.7190294	442.5287356	272.6692209	134.7381865	40.64349043
SACI_RS08240	51.73611111	61.11111111	45.83333333	22.91666667	46.60171341
SACI_RS08275	148.6681066	540.6767459	275.0179986	80.99352052	32.91714848
SACI_RS08280	425.8064516	706.4516129	394.6236559	132.2580645	29.62292774
SACI_RS08285	177.5362319	312.1980676	146.7391304	68.84057971	35.65346908
SACI_RS08290	55.05279035	446.4555053	237.5565611	58.0693816	39.21602032
SACI_RS08300	360.7843137	502.2875817	408.496732	159.8039216	41.19321578
SACI_RS08305	106.9651741	112.2956645	65.742715	40.15636105	44.25401855
SACI_RS08325	72.11079274	98.37631328	53.96370583	15.75931232	25.17195292
SACI_RS08360	1377.307275	1609.663409	1199.239957	422.9098806	32.74067967
SACI_RS08400	93.70199693	125.1920123	60.67588326	44.546851	52.40459224
SACI_RS08420	94.27609428	97.22222222	54.71380471	27.35690236	34.91297971
SACI_RS08425	1448.064212	1612.370161	1140.698772	395.6562795	30.75387675
SACI_RS08430	703.0812325	1004.201681	786.4145658	266.1064426	35.1854086
SACI_RS08435	682.8774063	1009.625127	832.8267477	262.9179331	34.75916743
SACI_RS08440	416.6666667	591.2951168	424.0976645	211.2526539	48.89594716
SACI_RS08500	55.28846154	69.71153846	44.87179487	24.83974359	47.13754416
SACI_RS08520	32.00332502	25.76891106	17.0407315	7.481296758	31.83670653
SACI_RS08530	185.6866538	211.1540941	126.6924565	34.17150226	23.8489621
SACI_RS08560	200.729927	260.3406326	127.7372263	45.01216545	26.49784405
SACI_RS08565	157.3033708	155.4307116	41.19850187	22.47191011	23.87940253
SACI_RS08570	24.04371585	36.61202186	18.03278689	6.557377049	28.46874233
SACI_RS08625	952.9262087	1366.412214	1033.07888	435.1145038	42.48546263
SACI_RS08635	322.0815752	342.4753868	175.8087201	24.61322082	16.03649306
SACI_RS08645	46.57687991	55.55555556	24.69135802	20.2020202	51.83041742
SACI_RS08670	39.29024081	70.97591888	41.1913815	19.96197719	43.97387868
SACI_RS08675	59.27475593	72.52440725	46.72245467	28.59135286	52.66949976
SACI_RS08710	47.27564103	22.43589744	15.22435897	6.41025641	26.53241712
SACI_RS08715	36.84210526	34.64912281	23.24561404	13.59649123	45.09029596
SACI_RS08800	148.3216237	261.1241218	183.4504294	80.79625293	46.20949241
SACI_RS08865	41.15226337	68.72427984	42.38683128	21.39917695	46.84472008
cbsA	100.0719942	163.4269258	131.3894888	63.35493161	57.20592428
SACI_RS08940	100.0625391	131.0193871	97.24828018	44.09005629	43.43047619
SACI_RS08945	71.42857143	85.03401361	59.52380952	35.71428571	55.15395529
SACI_RS08950	36.61616162	26.51515152	17.67676768	7.575757576	30.29375508
SACI_RS09010	199.4002999	357.3213393	329.5852074	98.20089955	38.57167578
SACI_RS09015	235.0260417	375.6510417	289.7135417	82.68229167	31.43134732
cas7d	274.6212121	399.6212121	269.8863636	68.18181818	25.93396833
SACI_RS09025	191.1993769	225.4672897	169.7819315	82.16510903	44.9989749
SACI_RS09060	32.82828283	21.46464646	13.88888889	8.838383838	40.47622262
SACI_RS09065	74.07407407	95.39842873	52.18855219	24.69135802	35.46863215
SACI_RS09070	69.71153846	64.90384615	36.85897436	21.23397436	38.48247774
SACI_RS09085	91.09991604	101.1754828	79.76490344	25.60873216	30.91465759
SACI_RS09090	57.04697987	90.60402685	53.69127517	22.37136465	36.30293092
SACI_RS09110	123.1060606	117.4242424	98.48484848	56.81818182	55.76504622
SACI_RS09115	83.96624473	118.9873418	84.81012658	45.14767932	52.88227711
SACI_RS09120	33.01886792	59.74842767	31.44654088	14.1509434	37.67638432
SACI_RS09125	63.31877729	77.14701601	58.95196507	26.20087336	42.13780562
SACI_RS09135	46.0704607	52.84552846	62.33062331	23.03523035	48.96308028
SACI_RS09140	66.2835249	85.44061303	73.94636015	27.77777778	40.15920211
SACI_RS09170	124.3243243	97.2972973	45.94594595	39.63963964	46.91132537
SACI_RS12090	56.63780664	56.998557	34.99278499	19.11976912	40.10961204
SACI_RS09180	21.25453603	37.06583722	24.36495594	10.1088647	40.68770543
SACI_RS09185	20.657277	14.55399061	5.164319249	4.694835681	37.2916839
SACI_RS09190	24.23051735	28.15979044	16.37197119	5.566470203	27.42726787
SACI_RS09195	67.34693878	24.48979592	11.56462585	8.163265306	28.81003899
SACI_RS09210	28.35497835	31.38528139	19.26406926	12.98701299	53.80688639
SACI_RS09220	24.81273408	13.10861423	7.02247191	7.02247191	51.72245904
SACI_RS09225	35.00522466	79.41483804	59.56112853	22.98850575	47.77642046
SACI_RS09230	40.81632653	68.02721088	48.75283447	20.78609221	44.12926912
SACI_RS09245	43.45165239	74.86740106	51.40758874	14.89188086	30.36444765
SACI_RS09260	50.60882801	60.50228311	23.97260274	19.7869102	46.88107739
SACI_RS09295	38.84711779	25.06265664	11.27819549	8.771929825	37.04456006
SACI_RS09300	39.04761905	39.04761905	22.85714286	17.14285714	55.76905922
SACI_RS11500	692.0152091	707.2243346	557.0342205	274.3979721	44.57806078
SACI_RS09410	82.32445521	81.11380145	46.00484262	32.28410008	49.01272157
SACI_RS09450	70.94594595	100.2252252	58.55855856	37.16216216	54.2040462
SACI_RS09460	206.8273092	195.7831325	134.5381526	67.26907631	39.06274162
SACI_RS09465	164.4345238	150.297619	86.30952381	37.20238095	30.02434783
SACI_RS11995	117.8385417	164.0625	131.5104167	35.15625	29.2396757
SACI_RS09475	50.87719298	112.2807018	67.83625731	32.16374269	49.20646718
SACI_RS09485	95.45454545	122.7272727	51.51515152	46.96969697	59.25785228
SACI_RS09495	300.6802721	285.7142857	195.2380952	108.8435374	43.63905918
SACI_RS09500	189.1801075	247.983871	187.1639785	64.51612903	33.76426172
SACI_RS09505	141.1974978	182.30563	168.9008043	68.81143878	46.56719559
SACI_RS09510	152.0241171	225.2368648	195.9517657	72.78208441	42.42122486
SACI_RS09525	122.9260935	178.3559578	95.39969834	59.57767722	49.2079219
SACI_RS09545	83.04297329	80.72009292	59.81416957	18.58304297	27.88899693
SACI_RS09550	19.71326165	41.21863799	26.88172043	13.44086022	55.4220436
SACI_RS09570	37.71289538	36.90186537	22.70884023	12.97648013	41.57118051
SACI_RS09575	37.97468354	14.76793249	10.54852321	6.329113924	33.48350013
SACI_RS09580	74.07407407	34.56790123	9.87654321	8.641975309	27.35204514
SACI_RS09600	73.64341085	55.55555556	28.42377261	24.54780362	49.76311533
SACI_RS09620	54.03087479	66.03773585	49.45683248	17.43853631	33.38107397
SACI_RS09655	311.1111111	357.2649573	300	123.9316239	41.06878074
SACI_RS09660	170.2235772	197.6626016	147.8658537	61.99186992	38.23571638
SACI_RS09665	119.9261993	123.6162362	78.10578106	40.5904059	39.4195219
SACI_RS09670	83.78870674	113.8433515	108.3788707	50.09107468	58.18145566
SACI_RS09740	16.29072682	18.37928154	10.02506266	6.683375104	47.60070124
SACI_RS09750	112.0550162	163.8349515	111.6504854	63.51132686	56.22796446
SACI_RS09765	41.86795491	66.82769726	84.5410628	24.15458937	45.53727909
SACI_RS09845	1429.773463	2168.28479	1752.10356	600.3236246	37.26989685
SACI_RS09850	1259.052925	1878.365831	1386.258124	570.5663881	41.37184829
SACI_RS09855	568.2539683	1007.936508	677.7777778	341.2698413	52.51542483
SACI_RS09860	1630.847953	2239.035088	1487.938596	594.6637427	35.83936409
SACI_RS09870	2389.623103	3239.843368	2641.948116	991.4341654	39.11979299
SACI_RS09875	1890.434783	2829.565217	2358.26087	983.4782609	46.76273696
SACI_RS10080	448.8770686	835.106383	649.5271868	299.6453901	56.03812333
SACI_RS10085	281.8532819	382.5611326	280.5662806	139.6396396	48.75002291
SACI_RS10090	492.1104536	536.4891519	313.6094675	220.9072978	53.73603415
SACI_RS10200	81.42201835	53.51681957	34.78593272	16.43730887	31.15927721
SACI_RS10220	21.54626109	26.61596958	11.40684411	10.13941698	57.01572345
SACI_RS10255	49.95331466	79.36507937	64.89262372	24.74323063	42.76139258
SACI_RS10260	205.5417701	220.4301075	214.6401985	101.3234078	53.27667614
SACI_RS10290	36.71328671	39.04428904	22.72727273	13.4032634	42.62714682
SACI_RS10300	56.60377358	61.00628931	40.25157233	22.01257862	43.98943238
SACI_RS10305	59.98389694	64.41223833	49.51690821	28.58293076	54.44967284
SACI_RS10325	99.62406015	99.62406015	42.60651629	40.10025063	54.27057379
SACI_RS10330	20.04219409	16.87763713	12.65822785	8.438818565	56.02967574
SACI_RS10335	174.906367	223.2209738	130.3370787	19.1011236	17.6492481
SACI_RS10360	14.83679525	14.34223541	10.38575668	6.923837784	58.65390648
SACI_RS10365	30.96179183	44.46640316	23.71541502	11.52832675	37.26982405
SACI_RS10415	91.88034188	139.957265	68.37606838	27.77777778	30.78876239
SACI_RS10420	190.8099688	221.1838006	143.3021807	43.22429907	26.76287262
SACI_RS10425	26.37681159	33.33333333	18.26086957	9.565217391	38.76695775
SACI_RS10470	31.6091954	40.22988506	21.55172414	12.21264368	41.36953626
SACI_RS10490	135.5555556	71.11111111	34.44444444	37.77777778	52.42228679
SACI_RS10575	52.38095238	58.2010582	35.97883598	25.92592593	59.82282999
SACI_RS10625	275.8816837	291.2400455	209.3287827	124.0045506	51.99662158
SACI_RS10680	101.4309764	126.2626263	82.91245791	40.4040404	41.35119985
SACI_RS10685	72.74401473	90.23941068	65.37753223	39.59484346	59.65120415
SACI_RS10760	554.7445255	616.7883212	458.6374696	190.9975669	37.15581731
SACI_RS10770	190.4761905	215.1675485	89.94708995	47.61904762	31.13312557
SACI_RS10775	229.8474946	198.2570806	96.94989107	41.93899782	26.997989
SACI_RS10780	424.137931	639.0804598	465.5172414	248.2758621	56.29043231
SACI_RS10790	474.1306192	695.9287532	557.6759966	254.8770144	49.85172804
SACI_RS10795	524.3690165	751.5230635	609.6605744	248.4769365	43.52798567
SACI_RS10850	160.7142857	77.38095238	27.97619048	42.85714286	57.58594031
SACI_RS10900	57.27376861	83.61970218	63.00114548	27.49140893	44.41509643
SACI_RS10905	121.1550534	155.0533584	114.2498431	43.31450094	35.78375863
SACI_RS10930	605.8514135	992.1104536	741.617357	331.3609467	48.01252596
SACI_RS10935	678.6188579	909.0305445	597.6095618	367.1978752	57.15081802
SACI_RS10940	410	369.1666667	200	95	31.08552395
SACI_RS10945	899.8732573	1327.207436	1006.337136	310.0971694	32.1709577
SACI_RS10970	207.8853047	229.0322581	129.7491039	26.88172043	19.9630303
SACI_RS10975	1098.699764	1175.531915	784.2789598	329.787234	34.19731737
SACI_RS10980	931.9105691	1229.674797	1038.617886	329.2682927	33.98309666
SACI_RS10985	1402.981753	1916.332888	1528.482421	677.7926124	46.08934536
SACI_RS11040	1028.089888	1236.70412	857.6779026	419.8501873	42.81903254
SACI_RS11055	288.3064516	422.7150538	321.2365591	170.6989247	57.76497802
SACI_RS11060	209.6354167	270.8333333	223.3072917	109.375	52.28860872
SACI_RS11095	103.7959668	130.4863582	107.9478055	54.56702254	53.89131137
SACI_RS11100	205.7026477	282.7562797	205.023761	91.31025119	42.70885809
SACI_RS11160	443.9978564	483.9228296	360.664523	86.81672026	24.41520815
SACI_RS11165	831.1403509	996.1622807	795.504386	225.3289474	29.03971451
SACI_RS11180	60.47819972	45.71026723	15.47116737	14.76793249	38.82214482
SACI_RS11210	322.2853535	389.2045455	235.1641414	105.7449495	35.45809971
SACI_RS11215	519.9049317	527.332145	272.7272727	159.2394534	37.62614989
SACI_RS12130	14525.47771	19915.07431	17707.00637	8562.632696	57.7925417
SACI_RS11235	31.56565657	66.41414141	55.05050505	19.94949495	46.82844895
cimA	247.1374046	385.4961832	318.0661578	99.87277354	35.31105162
SACI_RS11305	116.088632	167.6300578	98.26589595	46.72447013	39.2899262
nuoN	163.786897	293.0165587	209.1432685	65.51475882	33.58470032
SACI_RS11315	211.6170461	381.9322825	349.8248687	97.489784	36.12707499
SACI_RS11320	63.15789474	94.73684211	75.43859649	36.84210526	54.73124199
SACI_RS11325	190.3353057	310.6508876	291.913215	89.74358974	38.79432781
nuoI	171.686747	273.0923695	233.935743	75.30120482	37.40591207
nuoH	178.470255	280.9254013	243.1539188	63.73937677	31.40860343
SACI_RS11340	146.3009144	229.4264339	146.716542	64.83790524	40.51963836
SACI_RS11360	125	107.1428571	55.05952381	49.10714286	56.15616549
SACI_RS11370	63.12056738	61.70212766	34.04255319	26.24113475	53.58704692
SACI_RS11390	36682.92398	53241.63743	47553.21637	22605.38012	58.72513974
SACI_RS11910	518.0319423	650.1803194	591.7053065	201.7001546	37.52449031
glmS	163.2825719	195.1494642	131.6976875	31.58488438	23.79495144
mvk	25.92592593	25.3968254	19.04761905	7.936507937	35.58309735
SACI_RS11485	674.409128	813.3659332	579.4621027	221.6788916	34.44582929
Sac_sR5-sno	152.5423729	161.0169492	288.1355932	59.3220339	35.91584266
asRNA_70	763.1578947	646.1988304	470.7602339	204.6783626	34.26401913
asRNA_102	10.63829787	10.63829787	18.61702128	5.319148936	48.59315874
asRNA_106	47.82608696	47.82608696	47.82608696	21.73913043	50.10973488
asRNA_447	199.21875	300.78125	214.84375	121.09375	59.75820147
asRNA_538	291.6666667	166.6666667	138.8888889	69.44444444	36.7107398
asRNA_750	6.880733945	9.174311927	16.05504587	4.587155963	57.2788672
asRNA_983	16.80672269	21.00840336	16.80672269	8.403361345	51.12225367
asRNA_986	50	42.10526316	31.57894737	18.42105263	47.10887388
ncRNA_76	1304.347826	1695.652174	1250	576.0869565	43.8126
ncRNA_107	33.83458647	22.55639098	18.79699248	11.27819549	47.72535519
